0.542212778090154 0.213202394173667
0.400333639065587 0.0991142042586672
0.361946642981518 0.0768422103776707
0.343071112252314 0.0671225598580977
0.757282181700814 0.49560069222977
0.873752571692966 0.711228002894937
0.681640503927577 0.379958169316744
0.345001095118418 0.0680800871935148
0.316539904354817 0.0547781271533496
0.573476302721545 0.245620046138628
0.247202462003966 0.0293419544433538
0.327240480393724 0.0595749654642448
0.407081371426432 0.103386747074922
0.305683209242221 0.0501576082144057
0.304415278782354 0.0496339611784039
0.260528831158638 0.033501592887577
0.410608075538171 0.105663254137514
0.177740499592148 0.0127570026671132
0.873752571692966 0.711228002894937
0.448078048429594 0.131730296529541
0.533035467710769 0.204208121458038
1 1
0.33395570673014 0.0627102479361815
