1.3544022414797 2.15107809993867
1 1
0.904112489338473 0.77528958591171
0.856962989802884 0.677224423685246
1.89162765204637 5.00029936109215
2.18256096023402 7.17584334369252
1.70268105752638 3.83353901853596
0.861783925836661 0.686885272426141
0.790690247998267 0.552676859619336
1.43249591530726 2.47815182471335
0.617491107119946 0.29604187071691
0.817419393377811 0.601073942023151
1.01685527195915 1.0431072705291
0.763571130209572 0.506058728812521
0.760403945801021 0.500775459477732
0.650779264432375 0.338010007124154
1.02566468432822 1.0660757953699
0.443980925527541 0.128710135570681
2.18256096023402 7.17584334369252
1.11926154763174 1.32907586268617
1.33147808651534 2.06033154365138
2.49791649368783 10.0893712205993
0.834193468002394 0.632706970763958
