1.01533019605465 1.93954125836158
0.994615331183337 0.79049501808452
0.987826106077011 0.586644759727043
0.984237647257182 0.50067393578821
1.03864209585037 5.21157192456077
1.0487878705127 7.95781820731786
1.03124173461267 3.81724349059096
0.984612894836094 0.509053346564793
0.978869418966211 0.394577315164034
1.01920507145544 2.28944583348547
0.962561896158591 0.189863409227838
0.981083224090583 0.435362736313163
0.995745615011585 0.830570806502547
0.976550849738923 0.355866958537111
0.976275081515988 0.351517403037463
0.966002192548778 0.221772746621666
0.996329427774144 0.852041325938971
0.941225801111176 0.0715420017650182
1.0487878705127 7.95781820731786
1.00225911123118 1.10324583906361
1.01415316682401 1.8440147576411
1.05844979924594 11.863343315496
0.982438305616442 0.462330266670928
