0.803115293116991 0.155713265694157
0.734926227332344 0.104135443511779
0.727529584493403 0.0685509144437657
0.86459013643488 0.132335097335798
0.827554269022764 0.138136941507545
0.37630383263807 0.144028376509946
0.323822293364295 0.221562238282945
0.803115293116991 0.155713265694157
0.397084527444786 0.165351603031684
1 0
0.421690275054417 0.144615555613785
0.896221309975759 0.0195496595027294
0.387242305007535 0.173646197919602
0.397084527444786 0.165351603031684
0.383945075758569 0.126470058590011
0.58468667984489 0.20198516061672
0.3771177506033 0.135012147673644
0.600889043653119 0.174558785565475
0 0.0921657013952284
0.394049819948766 0.115158865703243
0.378756929259213 0.133628127404302
0.309641083254933 0.178134537421722
0.825906332076122 0.13950965641462
